[Variables]
ercf_calib_0 = 1.0
ercf_calib_1 = 1.00405406911
ercf_calib_2 = 0.998373423745
ercf_calib_3 = 1.00476869835
ercf_calib_4 = 1.00120568878
ercf_calib_5 = 1.00191626769
ercf_calib_ref = 1176.9851775
pressure_advance = [{'id': u'ABS', 'val': [{'nozzle': 0.6, 'pa': 0.015, 'st': 0.015}, {'nozzle': 0.4, 'pa': 0.038, 'st': 0.015}]}]

